T_list: [(27, 670, 112), (121, 700, 122), (242, 1305, 107), (1312, 812, 143), (1177, 166, 101), (1458, 1109, 117), (1359, 489, 127), (1128, 332, 119), (1096, 114, 109), (1463, 751, 147), (403, 1240, 116), (209, 1051, 127), (558, 159, 141), (734, 1397, 120), (54, 960, 121), (837, 95, 141), (71, 429, 121), (1275, 107, 150), (1430, 1458, 121), (1341, 1024, 129)] 

Tar: [(43, 1269), (1221, 1265), (1361, 702), (1470, 310), (812, 1468), (1203, 1296), (1204, 394), (1299, 880), (80, 427), (1441, 106), (1319, 44), (153, 911), (168, 877), (469, 1371), (103, 1205), (63, 1112), (316, 339), (192, 486), (1325, 474), (1413, 468), (322, 1128), (401, 30), (1284, 283), (1383, 1206), (1247, 192), (353, 377), (168, 1070), (1359, 881), (814, 1313), (1378, 235), (121, 976), (89, 91), (1103, 265), (1449, 604), (1395, 692), (1235, 120), (1184, 1011), (1411, 878), (413, 338), (287, 242)] 

M_list[0]: [[21, [(750, 750), (671, 675), (401, 30)]], [31, [(401, 30), (89, 91)]], [39, [(89, 91), (287, 242)]], [16, [(287, 242), (316, 339)]], [25, [(316, 339), (353, 377)]], [38, [(353, 377), (413, 338)]], [17, [(413, 338), (192, 486)]], [8, [(192, 486), (80, 427)]], [12, [(80, 427), (150, 523), (168, 877)]], [11, [(168, 877), (153, 911)]], [30, [(153, 911), (121, 976)]], [-1, [(121, 976), (153, 911), (750, 750)]]] 

M_list[1]: [[21, [(750, 750), (671, 675), (401, 30)]], [31, [(401, 30), (89, 91)]], [39, [(89, 91), (287, 242)]], [16, [(287, 242), (316, 339)]], [25, [(316, 339), (353, 377)]], [38, [(353, 377), (413, 338)]], [17, [(413, 338), (192, 486)]], [8, [(192, 486), (80, 427)]], [12, [(80, 427), (150, 523), (168, 877)]], [11, [(168, 877), (153, 911)]], [30, [(153, 911), (121, 976)]], [-1, [(121, 976), (153, 911), (750, 750)]]] 

M_list[2]: [[21, [(750, 750), (671, 675), (401, 30)]], [31, [(401, 30), (89, 91)]], [39, [(89, 91), (287, 242)]], [16, [(287, 242), (316, 339)]], [25, [(316, 339), (353, 377)]], [38, [(353, 377), (413, 338)]], [17, [(413, 338), (192, 486)]], [8, [(192, 486), (80, 427)]], [12, [(80, 427), (150, 523), (168, 877)]], [11, [(168, 877), (153, 911)]], [30, [(153, 911), (121, 976)]], [-1, [(121, 976), (153, 911), (750, 750)]]] 

M_list[3]: [[21, [(750, 750), (671, 675), (401, 30)]], [31, [(401, 30), (89, 91)]], [39, [(89, 91), (287, 242)]], [16, [(287, 242), (316, 339)]], [25, [(316, 339), (353, 377)]], [38, [(353, 377), (413, 338)]], [17, [(413, 338), (192, 486)]], [8, [(192, 486), (80, 427)]], [12, [(80, 427), (150, 523), (168, 877)]], [11, [(168, 877), (153, 911)]], [30, [(153, 911), (121, 976)]], [-1, [(121, 976), (153, 911), (750, 750)]]] 

M_list[4]: [[21, [(750, 750), (671, 675), (401, 30)]], [31, [(401, 30), (89, 91)]], [39, [(89, 91), (287, 242)]], [16, [(287, 242), (316, 339)]], [25, [(316, 339), (353, 377)]], [38, [(353, 377), (413, 338)]], [17, [(413, 338), (192, 486)]], [8, [(192, 486), (80, 427)]], [12, [(80, 427), (150, 523), (168, 877)]], [11, [(168, 877), (153, 911)]], [30, [(153, 911), (121, 976)]], [-1, [(121, 976), (153, 911), (750, 750)]]] 

M_list[5]: [[26, [(750, 750), (168, 1070)]], [15, [(168, 1070), (63, 1112)]], [14, [(63, 1112), (103, 1205)]], [0, [(103, 1205), (43, 1269)]], [20, [(43, 1269), (271, 1156), (322, 1128)]], [13, [(322, 1128), (469, 1371)]], [4, [(469, 1371), (812, 1468)]], [28, [(812, 1468), (814, 1313)]], [5, [(814, 1313), (1203, 1296)]], [1, [(1203, 1296), (1221, 1265)]], [23, [(1221, 1265), (1383, 1206)]], [36, [(1383, 1206), (1103, 1030), (1184, 1011)]], [-1, [(1184, 1011), (750, 750)]]] 

M_list[6]: [[26, [(750, 750), (168, 1070)]], [15, [(168, 1070), (63, 1112)]], [14, [(63, 1112), (103, 1205)]], [0, [(103, 1205), (43, 1269)]], [20, [(43, 1269), (271, 1156), (322, 1128)]], [13, [(322, 1128), (469, 1371)]], [4, [(469, 1371), (812, 1468)]], [28, [(812, 1468), (814, 1313)]], [5, [(814, 1313), (1203, 1296)]], [1, [(1203, 1296), (1221, 1265)]], [23, [(1221, 1265), (1383, 1206)]], [36, [(1383, 1206), (1103, 1030), (1184, 1011)]], [-1, [(1184, 1011), (750, 750)]]] 

M_list[7]: [[26, [(750, 750), (168, 1070)]], [15, [(168, 1070), (63, 1112)]], [14, [(63, 1112), (103, 1205)]], [0, [(103, 1205), (43, 1269)]], [20, [(43, 1269), (271, 1156), (322, 1128)]], [13, [(322, 1128), (469, 1371)]], [4, [(469, 1371), (812, 1468)]], [28, [(812, 1468), (814, 1313)]], [5, [(814, 1313), (1203, 1296)]], [1, [(1203, 1296), (1221, 1265)]], [23, [(1221, 1265), (1383, 1206)]], [36, [(1383, 1206), (1103, 1030), (1184, 1011)]], [-1, [(1184, 1011), (750, 750)]]] 

M_list[8]: [[26, [(750, 750), (168, 1070)]], [15, [(168, 1070), (63, 1112)]], [14, [(63, 1112), (103, 1205)]], [0, [(103, 1205), (43, 1269)]], [20, [(43, 1269), (271, 1156), (322, 1128)]], [13, [(322, 1128), (469, 1371)]], [4, [(469, 1371), (812, 1468)]], [28, [(812, 1468), (814, 1313)]], [5, [(814, 1313), (1203, 1296)]], [1, [(1203, 1296), (1221, 1265)]], [23, [(1221, 1265), (1383, 1206)]], [36, [(1383, 1206), (1103, 1030), (1184, 1011)]], [-1, [(1184, 1011), (750, 750)]]] 

M_list[9]: [[26, [(750, 750), (168, 1070)]], [15, [(168, 1070), (63, 1112)]], [14, [(63, 1112), (103, 1205)]], [0, [(103, 1205), (43, 1269)]], [20, [(43, 1269), (271, 1156), (322, 1128)]], [13, [(322, 1128), (469, 1371)]], [4, [(469, 1371), (812, 1468)]], [28, [(812, 1468), (814, 1313)]], [5, [(814, 1313), (1203, 1296)]], [1, [(1203, 1296), (1221, 1265)]], [23, [(1221, 1265), (1383, 1206)]], [36, [(1383, 1206), (1103, 1030), (1184, 1011)]], [-1, [(1184, 1011), (750, 750)]]] 

M_list[10]: [[7, [(750, 750), (1299, 880)]], [27, [(1299, 880), (1359, 881)]], [37, [(1359, 881), (1411, 878)]], [2, [(1411, 878), (1361, 702)]], [34, [(1361, 702), (1395, 692)]], [33, [(1395, 692), (1449, 604)]], [19, [(1449, 604), (1413, 468)]], [18, [(1413, 468), (1325, 474)]], [6, [(1325, 474), (1204, 394)]], [22, [(1204, 394), (1284, 283)]], [29, [(1284, 283), (1378, 235)]], [3, [(1378, 235), (1470, 310)]], [9, [(1470, 310), (1441, 106)]], [10, [(1441, 106), (1319, 44)]], [35, [(1319, 44), (1235, 120)]], [24, [(1235, 120), (1247, 192)]], [32, [(1247, 192), (1103, 265)]], [-1, [(1103, 265), (950, 455), (750, 750)]]] 

M_list[11]: [[7, [(750, 750), (1299, 880)]], [27, [(1299, 880), (1359, 881)]], [37, [(1359, 881), (1411, 878)]], [2, [(1411, 878), (1361, 702)]], [34, [(1361, 702), (1395, 692)]], [33, [(1395, 692), (1449, 604)]], [19, [(1449, 604), (1413, 468)]], [18, [(1413, 468), (1325, 474)]], [6, [(1325, 474), (1204, 394)]], [22, [(1204, 394), (1284, 283)]], [29, [(1284, 283), (1378, 235)]], [3, [(1378, 235), (1470, 310)]], [9, [(1470, 310), (1441, 106)]], [10, [(1441, 106), (1319, 44)]], [35, [(1319, 44), (1235, 120)]], [24, [(1235, 120), (1247, 192)]], [32, [(1247, 192), (1103, 265)]], [-1, [(1103, 265), (950, 455), (750, 750)]]] 

M_list[12]: [[7, [(750, 750), (1299, 880)]], [27, [(1299, 880), (1359, 881)]], [37, [(1359, 881), (1411, 878)]], [2, [(1411, 878), (1361, 702)]], [34, [(1361, 702), (1395, 692)]], [33, [(1395, 692), (1449, 604)]], [19, [(1449, 604), (1413, 468)]], [18, [(1413, 468), (1325, 474)]], [6, [(1325, 474), (1204, 394)]], [22, [(1204, 394), (1284, 283)]], [29, [(1284, 283), (1378, 235)]], [3, [(1378, 235), (1470, 310)]], [9, [(1470, 310), (1441, 106)]], [10, [(1441, 106), (1319, 44)]], [35, [(1319, 44), (1235, 120)]], [24, [(1235, 120), (1247, 192)]], [32, [(1247, 192), (1103, 265)]], [-1, [(1103, 265), (950, 455), (750, 750)]]] 

M_list[13]: [[7, [(750, 750), (1299, 880)]], [27, [(1299, 880), (1359, 881)]], [37, [(1359, 881), (1411, 878)]], [2, [(1411, 878), (1361, 702)]], [34, [(1361, 702), (1395, 692)]], [33, [(1395, 692), (1449, 604)]], [19, [(1449, 604), (1413, 468)]], [18, [(1413, 468), (1325, 474)]], [6, [(1325, 474), (1204, 394)]], [22, [(1204, 394), (1284, 283)]], [29, [(1284, 283), (1378, 235)]], [3, [(1378, 235), (1470, 310)]], [9, [(1470, 310), (1441, 106)]], [10, [(1441, 106), (1319, 44)]], [35, [(1319, 44), (1235, 120)]], [24, [(1235, 120), (1247, 192)]], [32, [(1247, 192), (1103, 265)]], [-1, [(1103, 265), (950, 455), (750, 750)]]] 

M_list[14]: [[7, [(750, 750), (1299, 880)]], [27, [(1299, 880), (1359, 881)]], [37, [(1359, 881), (1411, 878)]], [2, [(1411, 878), (1361, 702)]], [34, [(1361, 702), (1395, 692)]], [33, [(1395, 692), (1449, 604)]], [19, [(1449, 604), (1413, 468)]], [18, [(1413, 468), (1325, 474)]], [6, [(1325, 474), (1204, 394)]], [22, [(1204, 394), (1284, 283)]], [29, [(1284, 283), (1378, 235)]], [3, [(1378, 235), (1470, 310)]], [9, [(1470, 310), (1441, 106)]], [10, [(1441, 106), (1319, 44)]], [35, [(1319, 44), (1235, 120)]], [24, [(1235, 120), (1247, 192)]], [32, [(1247, 192), (1103, 265)]], [-1, [(1103, 265), (950, 455), (750, 750)]]] 

Forbid[0]: [(759, 424), (864, 351), (729, 325), (682, 380), (759, 424)] 

Forbid[1]: [(1520, 886), (1548, 774), (1484, 688), (1454, 856), (1520, 886)] 

Forbid[2]: [(444, 534), (551, 410), (400, 391), (369, 503), (444, 534)] 

