T_list: [(178, 553, 119), (1454, 1003, 137), (188, 596, 111), (1092, 299, 108), (1326, 1470, 128), (916, 29, 137), (1406, 963, 120), (39, 569, 113), (667, 1407, 134), (952, 32, 106), (1314, 785, 140), (333, 1239, 131), (793, 234, 121), (471, 1363, 147), (820, 157, 140), (1452, 1493, 126), (39, 894, 105), (509, 1418, 145), (24, 286, 141), (1029, 1405, 112)] 

Tar: [(1273, 215), (747, 1457), (812, 62), (1417, 1243), (354, 106), (317, 79), (1425, 812), (191, 111), (364, 333), (1488, 1056), (1098, 276), (33, 246), (70, 595), (197, 486), (1193, 301), (160, 284), (1265, 694), (203, 812), (1166, 1052), (511, 1199), (277, 1380), (1232, 923), (83, 76), (716, 1288), (862, 21), (1291, 993), (875, 1296), (324, 1100), (290, 193), (371, 368), (1369, 716), (1142, 228), (433, 1155), (1115, 1370), (1267, 1175), (1412, 1413), (216, 465), (60, 1101), (1282, 1122), (599, 1451)] 

M_list[0]: [[2, [(750, 750), (618, 229), (812, 62)]], [4, [(812, 62), (354, 106)]], [5, [(354, 106), (317, 79)]], [7, [(317, 79), (191, 111)]], [22, [(191, 111), (83, 76)]], [11, [(83, 76), (33, 246)]], [15, [(33, 246), (160, 284)]], [28, [(160, 284), (290, 193)]], [8, [(290, 193), (364, 333)]], [29, [(364, 333), (371, 368)]], [13, [(371, 368), (197, 486)]], [12, [(197, 486), (147, 529), (70, 595)]], [17, [(70, 595), (203, 812)]], [-1, [(203, 812), (750, 750)]]] 

M_list[1]: [[2, [(750, 750), (618, 229), (812, 62)]], [4, [(812, 62), (354, 106)]], [5, [(354, 106), (317, 79)]], [7, [(317, 79), (191, 111)]], [22, [(191, 111), (83, 76)]], [11, [(83, 76), (33, 246)]], [15, [(33, 246), (160, 284)]], [28, [(160, 284), (290, 193)]], [8, [(290, 193), (364, 333)]], [29, [(364, 333), (371, 368)]], [13, [(371, 368), (197, 486)]], [12, [(197, 486), (147, 529), (70, 595)]], [17, [(70, 595), (203, 812)]], [-1, [(203, 812), (750, 750)]]] 

M_list[2]: [[2, [(750, 750), (618, 229), (812, 62)]], [4, [(812, 62), (354, 106)]], [5, [(354, 106), (317, 79)]], [7, [(317, 79), (191, 111)]], [22, [(191, 111), (83, 76)]], [11, [(83, 76), (33, 246)]], [15, [(33, 246), (160, 284)]], [28, [(160, 284), (290, 193)]], [8, [(290, 193), (364, 333)]], [29, [(364, 333), (371, 368)]], [13, [(371, 368), (197, 486)]], [12, [(197, 486), (147, 529), (70, 595)]], [17, [(70, 595), (203, 812)]], [-1, [(203, 812), (750, 750)]]] 

M_list[3]: [[2, [(750, 750), (618, 229), (812, 62)]], [4, [(812, 62), (354, 106)]], [5, [(354, 106), (317, 79)]], [7, [(317, 79), (191, 111)]], [22, [(191, 111), (83, 76)]], [11, [(83, 76), (33, 246)]], [15, [(33, 246), (160, 284)]], [28, [(160, 284), (290, 193)]], [8, [(290, 193), (364, 333)]], [29, [(364, 333), (371, 368)]], [13, [(371, 368), (197, 486)]], [12, [(197, 486), (147, 529), (70, 595)]], [17, [(70, 595), (203, 812)]], [-1, [(203, 812), (750, 750)]]] 

M_list[4]: [[2, [(750, 750), (618, 229), (812, 62)]], [4, [(812, 62), (354, 106)]], [5, [(354, 106), (317, 79)]], [7, [(317, 79), (191, 111)]], [22, [(191, 111), (83, 76)]], [11, [(83, 76), (33, 246)]], [15, [(33, 246), (160, 284)]], [28, [(160, 284), (290, 193)]], [8, [(290, 193), (364, 333)]], [29, [(364, 333), (371, 368)]], [13, [(371, 368), (197, 486)]], [12, [(197, 486), (147, 529), (70, 595)]], [17, [(70, 595), (203, 812)]], [-1, [(203, 812), (750, 750)]]] 

M_list[5]: [[20, [(750, 750), (433, 1155), (277, 1380)]], [27, [(277, 1380), (324, 1100)]], [32, [(324, 1100), (433, 1155)]], [19, [(433, 1155), (511, 1199)]], [23, [(511, 1199), (716, 1288)]], [1, [(716, 1288), (747, 1457)]], [26, [(747, 1457), (875, 1296)]], [33, [(875, 1296), (1115, 1370)]], [3, [(1115, 1370), (1417, 1243)]], [34, [(1417, 1243), (1267, 1175)]], [18, [(1267, 1175), (1166, 1052)]], [-1, [(1166, 1052), (750, 750)]]] 

M_list[6]: [[20, [(750, 750), (433, 1155), (277, 1380)]], [27, [(277, 1380), (324, 1100)]], [32, [(324, 1100), (433, 1155)]], [19, [(433, 1155), (511, 1199)]], [23, [(511, 1199), (716, 1288)]], [1, [(716, 1288), (747, 1457)]], [26, [(747, 1457), (875, 1296)]], [33, [(875, 1296), (1115, 1370)]], [3, [(1115, 1370), (1417, 1243)]], [34, [(1417, 1243), (1267, 1175)]], [18, [(1267, 1175), (1166, 1052)]], [-1, [(1166, 1052), (750, 750)]]] 

M_list[7]: [[20, [(750, 750), (433, 1155), (277, 1380)]], [27, [(277, 1380), (324, 1100)]], [32, [(324, 1100), (433, 1155)]], [19, [(433, 1155), (511, 1199)]], [23, [(511, 1199), (716, 1288)]], [1, [(716, 1288), (747, 1457)]], [26, [(747, 1457), (875, 1296)]], [33, [(875, 1296), (1115, 1370)]], [3, [(1115, 1370), (1417, 1243)]], [34, [(1417, 1243), (1267, 1175)]], [18, [(1267, 1175), (1166, 1052)]], [-1, [(1166, 1052), (750, 750)]]] 

M_list[8]: [[20, [(750, 750), (433, 1155), (277, 1380)]], [27, [(277, 1380), (324, 1100)]], [32, [(324, 1100), (433, 1155)]], [19, [(433, 1155), (511, 1199)]], [23, [(511, 1199), (716, 1288)]], [1, [(716, 1288), (747, 1457)]], [26, [(747, 1457), (875, 1296)]], [33, [(875, 1296), (1115, 1370)]], [3, [(1115, 1370), (1417, 1243)]], [34, [(1417, 1243), (1267, 1175)]], [18, [(1267, 1175), (1166, 1052)]], [-1, [(1166, 1052), (750, 750)]]] 

M_list[9]: [[20, [(750, 750), (433, 1155), (277, 1380)]], [27, [(277, 1380), (324, 1100)]], [32, [(324, 1100), (433, 1155)]], [19, [(433, 1155), (511, 1199)]], [23, [(511, 1199), (716, 1288)]], [1, [(716, 1288), (747, 1457)]], [26, [(747, 1457), (875, 1296)]], [33, [(875, 1296), (1115, 1370)]], [3, [(1115, 1370), (1417, 1243)]], [34, [(1417, 1243), (1267, 1175)]], [18, [(1267, 1175), (1166, 1052)]], [-1, [(1166, 1052), (750, 750)]]] 

M_list[10]: [[9, [(750, 750), (1402, 1135), (1488, 1056)]], [25, [(1488, 1056), (1402, 1135), (1267, 1175), (1291, 993)]], [21, [(1291, 993), (1232, 923)]], [6, [(1232, 923), (1425, 812)]], [30, [(1425, 812), (1369, 716)]], [16, [(1369, 716), (1265, 694)]], [14, [(1265, 694), (1369, 716), (1273, 215), (1193, 301)]], [0, [(1193, 301), (1273, 215)]], [31, [(1273, 215), (1142, 228)]], [10, [(1142, 228), (1098, 276)]], [24, [(1098, 276), (862, 21)]], [-1, [(862, 21), (812, 62), (618, 229), (750, 750)]]] 

M_list[11]: [[9, [(750, 750), (1402, 1135), (1488, 1056)]], [25, [(1488, 1056), (1402, 1135), (1267, 1175), (1291, 993)]], [21, [(1291, 993), (1232, 923)]], [6, [(1232, 923), (1425, 812)]], [30, [(1425, 812), (1369, 716)]], [16, [(1369, 716), (1265, 694)]], [14, [(1265, 694), (1369, 716), (1273, 215), (1193, 301)]], [0, [(1193, 301), (1273, 215)]], [31, [(1273, 215), (1142, 228)]], [10, [(1142, 228), (1098, 276)]], [24, [(1098, 276), (862, 21)]], [-1, [(862, 21), (812, 62), (618, 229), (750, 750)]]] 

M_list[12]: [[9, [(750, 750), (1402, 1135), (1488, 1056)]], [25, [(1488, 1056), (1402, 1135), (1267, 1175), (1291, 993)]], [21, [(1291, 993), (1232, 923)]], [6, [(1232, 923), (1425, 812)]], [30, [(1425, 812), (1369, 716)]], [16, [(1369, 716), (1265, 694)]], [14, [(1265, 694), (1369, 716), (1273, 215), (1193, 301)]], [0, [(1193, 301), (1273, 215)]], [31, [(1273, 215), (1142, 228)]], [10, [(1142, 228), (1098, 276)]], [24, [(1098, 276), (862, 21)]], [-1, [(862, 21), (812, 62), (618, 229), (750, 750)]]] 

M_list[13]: [[9, [(750, 750), (1402, 1135), (1488, 1056)]], [25, [(1488, 1056), (1402, 1135), (1267, 1175), (1291, 993)]], [21, [(1291, 993), (1232, 923)]], [6, [(1232, 923), (1425, 812)]], [30, [(1425, 812), (1369, 716)]], [16, [(1369, 716), (1265, 694)]], [14, [(1265, 694), (1369, 716), (1273, 215), (1193, 301)]], [0, [(1193, 301), (1273, 215)]], [31, [(1273, 215), (1142, 228)]], [10, [(1142, 228), (1098, 276)]], [24, [(1098, 276), (862, 21)]], [-1, [(862, 21), (812, 62), (618, 229), (750, 750)]]] 

M_list[14]: [[9, [(750, 750), (1402, 1135), (1488, 1056)]], [25, [(1488, 1056), (1402, 1135), (1267, 1175), (1291, 993)]], [21, [(1291, 993), (1232, 923)]], [6, [(1232, 923), (1425, 812)]], [30, [(1425, 812), (1369, 716)]], [16, [(1369, 716), (1265, 694)]], [14, [(1265, 694), (1369, 716), (1273, 215), (1193, 301)]], [0, [(1193, 301), (1273, 215)]], [31, [(1273, 215), (1142, 228)]], [10, [(1142, 228), (1098, 276)]], [24, [(1098, 276), (862, 21)]], [-1, [(862, 21), (812, 62), (618, 229), (750, 750)]]] 

Forbid[0]: [(984, 1513), (995, 1380), (860, 1356), (854, 1442), (984, 1513)] 

Forbid[1]: [(1147, 579), (1276, 414), (1115, 281), (1085, 457), (1147, 579)] 

fail_index: 13 
fail_time: 890 
thr_move_to: [(-1, 1), (1, 0), (-1, 0)] 
thr_move_count: [(0, 121), (0, 350), (0, 487)] 
